================================== 0 ================================
=====================================
     1     2     3     4     5     6     7     8     9    10    11    12    13    14    15    16    17    18    19    20
   554   736   316   179   435   107   191   365   475   368   151   240   561   659   200   785   439   160   519   430
   341   244   285   126   298    74   122   283   443   230   151   173   322   365   186    94   173   160   107   373
  1092   993   860   463   827   334   489   579   611   556   356   462  1091  1119   418  1847   958   148   717   551
   261   285   612   173   308   139   266   174   381   235   329   286   227   344   346   207   284   148   332   413
0.4218551461245235
0.6026535830281252
=====================================
================================== 1 ================================
=====================================
     1     2     3     4     5     6     7     8     9    10    11    12    13    14    15    16    17    18    19    20
   554   736   316   179   435   107   191   365   475   368   151   240   561   659   200   785   439   160   519   430
    78   367   143   126   368    90   121   226   370   202   106   205   360   494   132   640   164   127   154   329
  1092   993   860   463   827   334   489   579   611   556   356   462  1091  1119   418  1847   958   148   717   551
    23   304   162   143   370   257   171   108   347   242   233   380   295   500   210   898   252   129   379   276
0.38983481575603557
0.6075599474811693
=====================================
================================== 2 ================================
=====================================
     1     2     3     4     5     6     7     8     9    10    11    12    13    14    15    16    17    18    19    20
   554   736   316   179   435   107   191   365   475   368   151   240   561   659   200   785   439   160   519   430
   199   409   135   110   135    34    16   127   201    54    68    92   295   236    94   129   237    86   137   197
  1092   993   860   463   827   334   489   579   611   556   356   462  1091  1119   418  1847   958   148   717   551
    36    89    71   106    33    21     9    18    20    10    72    75   144   139    43   151   327    51   253   101
0.6199491740787801
0.8777555110220441
=====================================
================================== 3 ================================
=====================================
     1     2     3     4     5     6     7     8     9    10    11    12    13    14    15    16    17    18    19    20
   554   736   316   179   435   107   191   365   475   368   151   240   561   659   200   785   439   160   519   430
   237   229   148    56    98    16    49   271   252    84    76    90   241   116   128    36    61    59    59   159
  1092   993   860   463   827   334   489   579   611   556   356   462  1091  1119   418  1847   958   148   717   551
    62    15    62    16    15     9    14    55    24     8    36    47    32    10    72    28    23    13   102    32
0.6867852604828463
0.9533549858337365
=====================================
================================== 4 ================================
=====================================
     1     2     3     4     5     6     7     8     9    10    11    12    13    14    15    16    17    18    19    20
   554   736   316   179   435   107   191   365   475   368   151   240   561   659   200   785   439   160   519   430
   454   226   104    69    71    16    19   154    80   178    65    40   284   191   102    59    28    68    99   152
  1092   993   860   463   827   334   489   579   611   556   356   462  1091  1119   418  1847   958   148   717   551
   304    25    32    15     8    14     2    13     3    68    46    15    62    21    32    32     8    15   117    48
0.6875476493011435
0.9391887222721305
=====================================
================================== 5 ================================
=====================================
     1     2     3     4     5     6     7     8     9    10    11    12    13    14    15    16    17    18    19    20
   554   736   316   179   435   107   191   365   475   368   151   240   561   659   200   785   439   160   519   430
   212    71    83    81    99     9    43   111   260    33    75    85   232    98    92    30    43    55    84   146
  1092   993   860   463   827   334   489   579   611   556   356   462  1091  1119   418  1847   958   148   717   551
    18     0    11    11     3     0     2     0     7     2    40    24     9    19     2    22     9     8    66    11
0.7532401524777637
0.9817566166816392
=====================================
================================== 6 ================================
=====================================
     1     2     3     4     5     6     7     8     9    10    11    12    13    14    15    16    17    18    19    20
   554   736   316   179   435   107   191   365   475   368   151   240   561   659   200   785   439   160   519   430
   240    63    87    54   134    11    23   152   119    49    32    46   224   164   102    41    33    58    69   148
  1092   993   860   463   827   334   489   579   611   556   356   462  1091  1119   418  1847   958   148   717   551
    22     0     6     3     0     1     0     3     0     0     2     8     1     7     7     2     1     3    27    19
0.7650571791613723
0.9922603828346348
=====================================
================================== 7 ================================
=====================================
     1     2     3     4     5     6     7     8     9    10    11    12    13    14    15    16    17    18    19    20
   554   736   316   179   435   107   191   365   475   368   151   240   561   659   200   785   439   160   519   430
   229   237    88    58   141    10    51   185   121    74    37    60   247   134    63    34    36    54    93   117
  1092   993   860   463   827   334   489   579   611   556   356   462  1091  1119   418  1847   958   148   717   551
    19     4     2    10     3     2    11    12     1     1    20    13    10     0     0     4     9     7    55    17
0.7371029224904702
0.9861792550618478
=====================================