================================== 0 ================================
=====================================
     1     2     3     4     5     6     7     8     9    10    11    12    13    14    15    16    17    18    19    20
   554   736   316   179   435   107   191   365   475   368   151   240   561   659   200   785   439   160   519   430
   364   444   263   148   290    60   143   293   211   160   151   195   509   316   194    77    49   160    54   314
  1092   993   860   463   827   334   489   579   611   556   356   462  1091  1119   418  1847   958   148   717   551
   366   443   428   239   324   160   215   195   259   173   341   345   747   466   396   479   120   148   198   295
0.4415501905972046
0.5620896966346486
=====================================
================================== 1 ================================
=====================================
     1     2     3     4     5     6     7     8     9    10    11    12    13    14    15    16    17    18    19    20
   554   736   316   179   435   107   191   365   475   368   151   240   561   659   200   785   439   160   519   430
   201   376   225   111   228    75   115   341   374   158    91   164   411   317   146    92    18   120   123   327
  1092   993   860   463   827   334   489   579   611   556   356   462  1091  1119   418  1847   958   148   717   551
   113   309   306   157   197   158   139   256   278   112   201   244   228   395   234   259    32   107   271   254
0.4900889453621347
0.7063091700642664
=====================================
================================== 2 ================================
=====================================
     1     2     3     4     5     6     7     8     9    10    11    12    13    14    15    16    17    18    19    20
   554   736   316   179   435   107   191   365   475   368   151   240   561   659   200   785   439   160   519   430
   409   591   236    98   176    52    35   227   103   175    81    82   375   276   123   288   128   113   158   259
  1092   993   860   463   827   334   489   579   611   556   356   462  1091  1119   418  1847   958   148   717   551
   542   186   242    92    73    59    30    72    70    87    91    71   107   158   126   407   143   102   292   155
0.4936467598475222
0.7854329348351876
=====================================
================================== 3 ================================
=====================================
     1     2     3     4     5     6     7     8     9    10    11    12    13    14    15    16    17    18    19    20
   554   736   316   179   435   107   191   365   475   368   151   240   561   659   200   785   439   160   519   430
   213   261   165   109   280    87    86   168   187   144    99    70   266   320   106   319    65    96   145   216
  1092   993   860   463   827   334   489   579   611   556   356   462  1091  1119   418  1847   958   148   717   551
    52    95    97    64   164   154    71    43    98    39   111    40    83   178    49   320    34    52   202    70
0.567725540025413
0.8606868910234262
=====================================
================================== 4 ================================
=====================================
     1     2     3     4     5     6     7     8     9    10    11    12    13    14    15    16    17    18    19    20
   554   736   316   179   435   107   191   365   475   368   151   240   561   659   200   785   439   160   519   430
   127   133   174   114   213    79    76   205   174   158    71   134   292   199   124   171    40    94   129   336
  1092   993   860   463   827   334   489   579   611   556   356   462  1091  1119   418  1847   958   148   717   551
    10    25    62    70   103   152    35    43    27    71    55   110   198    80    61   349    21    20   164   164
0.6133418043202034
0.8742312210628153
=====================================
================================== 5 ================================
=====================================
     1     2     3     4     5     6     7     8     9    10    11    12    13    14    15    16    17    18    19    20
   554   736   316   179   435   107   191   365   475   368   151   240   561   659   200   785   439   160   519   430
    77   247   162   137   269    70   116   190   211   173    82   140   339   236    96   221    40   110   196   329
  1092   993   860   463   827   334   489   579   611   556   356   462  1091  1119   418  1847   958   148   717   551
     4    49   105   123   111   128   116    50    99    83   107   170   190   155    36   600    28    54   224   168
0.5627700127064803
0.8203303158040218
=====================================
================================== 6 ================================
=====================================
     1     2     3     4     5     6     7     8     9    10    11    12    13    14    15    16    17    18    19    20
   554   736   316   179   435   107   191   365   475   368   151   240   561   659   200   785   439   160   519   430
   307   365    79   103   223    41    51   187   297   113    90    87   353   150   134    21   100   108    86   243
  1092   993   860   463   827   334   489   579   611   556   356   462  1091  1119   418  1847   958   148   717   551
    99    43     7    52    41    16    18    16    86     6    47    45    66     6    33    18    91    17    78    67
0.6012706480304956
0.9411236265634718
=====================================
================================== 7 ================================
=====================================
     1     2     3     4     5     6     7     8     9    10    11    12    13    14    15    16    17    18    19    20
   554   736   316   179   435   107   191   365   475   368   151   240   561   659   200   785   439   160   519   430
   268   286   180    96   226    16    31   149   203    77    34   113   324   375   124   127    52    64   120   128
  1092   993   860   463   827   334   489   579   611   556   356   462  1091  1119   418  1847   958   148   717   551
    32     8    22    10    14     2     0     7    16     5     1    22    42    51     9    17     5    16    53     6
0.6196950444726811
0.9766429410545229
=====================================
================================== 8 ================================
=====================================
     1     2     3     4     5     6     7     8     9    10    11    12    13    14    15    16    17    18    19    20
   554   736   316   179   435   107   191   365   475   368   151   240   561   659   200   785   439   160   519   430
   304   392   169   113   234    75    94   171    92   144    94    94   321   288   145   265    60    81    97   237
  1092   993   860   463   827   334   489   579   611   556   356   462  1091  1119   418  1847   958   148   717   551
   173    45    51    73    80   102    59    22     1    23    38    30   104    70    35   262    38    16    46    67
0.5590851334180432
0.9077465275378342
=====================================
================================== 9 ================================
=====================================
     1     2     3     4     5     6     7     8     9    10    11    12    13    14    15    16    17    18    19    20
   554   736   316   179   435   107   191   365   475   368   151   240   561   659   200   785   439   160   519   430
   279   377   159   111   256    18    49   114   219    44    49    66   341   284   125   253    57    75    87   154
  1092   993   860   463   827   334   489   579   611   556   356   462  1091  1119   418  1847   958   148   717   551
    53    77     9    12    26     2     2     3    18     0     6     7    30    68     5   184     5    15    24     5
0.6039390088945362
0.9619238476953907
=====================================