================================== 0 ================================
=====================================
     1     2     3     4     5     6     7     8     9    10    11    12    13    14    15    16    17    18    19    20
   554   736   316   179   435   107   191   365   475   368   151   240   561   659   200   785   439   160   519   430
   452   487   300   170   348    88    94   305   265   286   144   204   340   444   197   582    42   160   372   410
  1092   993   860   463   827   334   489   579   611   556   356   462  1091  1119   418  1847   958   148   717   551
   651   474   547   330   429   327   131   237   200   336   276   377   246   605   399   841   148   146   520   500
0.2770012706480305
0.46651924538732636
=====================================
================================== 1 ================================
=====================================
     1     2     3     4     5     6     7     8     9    10    11    12    13    14    15    16    17    18    19    20
   554   736   316   179   435   107   191   365   475   368   151   240   561   659   200   785   439   160   519   430
   344   357   199   115   214    30   100   290   343   160    68   179   382   342   137   306   104   104   155   293
  1092   993   860   463   827   334   489   579   611   556   356   462  1091  1119   418  1847   958   148   717   551
   178   334   229   137   126    54   106   174   210   126    94   254   256   301   255   401   148    85   268   149
0.46353240152477765
0.7315320295763942
=====================================
================================== 2 ================================
=====================================
     1     2     3     4     5     6     7     8     9    10    11    12    13    14    15    16    17    18    19    20
   554   736   316   179   435   107   191   365   475   368   151   240   561   659   200   785   439   160   519   430
   347   274   250   108   184    30    69   209   288   146    34   158   403   331   134   115    54    94   136   292
  1092   993   860   463   827   334   489   579   611   556   356   462  1091  1119   418  1847   958   148   717   551
   183   147   251    95    43    39    64    68   149    74    38   202   260   251   136   196    63    65   235   157
0.5354510800508259
0.8123142837398936
=====================================
================================== 3 ================================
=====================================
     1     2     3     4     5     6     7     8     9    10    11    12    13    14    15    16    17    18    19    20
   554   736   316   179   435   107   191   365   475   368   151   240   561   659   200   785   439   160   519   430
   165   208   228   110   307    36    67   246   249   176    96   110   415   369   103   186   103   100   193   227
  1092   993   860   463   827   334   489   579   611   556   356   462  1091  1119   418  1847   958   148   717   551
    68   100   246    65   163    56    45    97    66    85   118   119   234   286    97   215    95    63   253    68
0.5306226175349428
0.8245456430101582
=====================================
================================== 4 ================================
=====================================
     1     2     3     4     5     6     7     8     9    10    11    12    13    14    15    16    17    18    19    20
   554   736   316   179   435   107   191   365   475   368   151   240   561   659   200   785   439   160   519   430
   371   307   201   118   167    76    68   151   114   109    73    60   353   322   118   271    41    86   188   252
  1092   993   860   463   827   334   489   579   611   556   356   462  1091  1119   418  1847   958   148   717   551
   347    59   125    57    51    91    21    11    41    22    64    26    93   233    77   284    26    48   226    84
0.5621346886912325
0.862760002764149
=====================================
================================== 5 ================================
=====================================
     1     2     3     4     5     6     7     8     9    10    11    12    13    14    15    16    17    18    19    20
   554   736   316   179   435   107   191   365   475   368   151   240   561   659   200   785   439   160   519   430
   311   506   162    78   214    41    79   274   111    57    62   105   376   259   107    77    72    68    77   218
  1092   993   860   463   827   334   489   579   611   556   356   462  1091  1119   418  1847   958   148   717   551
    90    41    38     7    27     9    23    37     7     6    34    54    49    24    16    20    19    15    74    33
0.5865311308767471
0.956948379517656
=====================================
================================== 6 ================================
=====================================
     1     2     3     4     5     6     7     8     9    10    11    12    13    14    15    16    17    18    19    20
   554   736   316   179   435   107   191   365   475   368   151   240   561   659   200   785   439   160   519   430
   292   531   134   103   263    33    93   255   208    78    64   125   358   259   149    95    48    59    85   249
  1092   993   860   463   827   334   489   579   611   556   356   462  1091  1119   418  1847   958   148   717   551
    60   110    27    15    80     8    33    56    39    20    41    62    37    24    63    63    21    13    71    47
0.557687420584498
0.9384976850252229
=====================================
