================================== 0 ================================
=====================================
     1     2     3     4     5     6     7     8     9    10    11    12    13    14    15    16    17    18    19    20
   554   736   316   179   435   107   191   365   475   368   151   240   561   659   200   785   439   160   519   430
   502   735   311   165   375    99   191   358   403   351   151   240   540   605   167   774   433   157   216   402
  1092   993   860   463   827   334   489   579   611   556   356   462  1091  1119   418  1847   958   148   717   551
   920   990   860   434   732   317   484   571   573   544   355   462  1057  1081   367  1782   928   147   310   512
0.08831003811944091
0.07221339230184506
=====================================
================================== 1 ================================
=====================================
     1     2     3     4     5     6     7     8     9    10    11    12    13    14    15    16    17    18    19    20
   554   736   316   179   435   107   191   365   475   368   151   240   561   659   200   785   439   160   519   430
   284   651   312   170   381   100   190   360   428   365   150   240   512   530   193   540   410   159   366   396
  1092   993   860   463   827   334   489   579   611   556   356   462  1091  1119   418  1847   958   148   717   551
   431   918   856   438   720   332   488   556   596   543   348   460  1004   984   394  1147   869   148   476   495
0.14396442185514613
0.15672724759864556
=====================================
================================== 2 ================================
=====================================
     1     2     3     4     5     6     7     8     9    10    11    12    13    14    15    16    17    18    19    20
   554   736   316   179   435   107   191   365   475   368   151   240   561   659   200   785   439   160   519   430
   137   623   314   176   390   107   189   361   439   342   151   240   507   550   199   403   405   160   387   422
  1092   993   860   463   827   334   489   579   611   556   356   462  1091  1119   418  1847   958   148   717   551
   144   879   858   459   722   334   488   566   601   517   355   462  1009   993   417   862   870   148   574   539
0.1738246505717916
0.18478335982309446
=====================================
================================== 3 ================================
=====================================
     1     2     3     4     5     6     7     8     9    10    11    12    13    14    15    16    17    18    19    20
   554   736   316   179   435   107   191   365   475   368   151   240   561   659   200   785   439   160   519   430
    32   602   316   175   395   107   190   364   445   359   151   240   504   556   200   396   421   160   502   429
  1092   993   860   463   827   334   489   579   611   556   356   462  1091  1119   418  1847   958   148   717   551
    15   857   858   459   722   334   480   554   609   541   355   462  1007  1040   416   846   910   148   696   551
0.1684879288437103
0.18042982516757652
=====================================
================================== 4 ================================
=====================================
     1     2     3     4     5     6     7     8     9    10    11    12    13    14    15    16    17    18    19    20
   554   736   316   179   435   107   191   365   475   368   151   240   561   659   200   785   439   160   519   430
    37   603   316   177   388   107   187   364   458   353   150   240   501   551   200   225   407   160   509   430
  1092   993   860   463   827   334   489   579   611   556   356   462  1091  1119   418  1847   958   148   717   551
    12   820   855   459   694   334   476   550   608   530   355   462  1007  1021   418   732   883   148   703   551
0.1914866581956798
0.19715292654274066
=====================================
================================== 5 ================================
=====================================
     1     2     3     4     5     6     7     8     9    10    11    12    13    14    15    16    17    18    19    20
   554   736   316   179   435   107   191   365   475   368   151   240   561   659   200   785   439   160   519   430
    18   621   312   179   374   107   180   364   467   353   150   240   482   476   200   223   418   160   512   430
  1092   993   860   463   827   334   489   579   611   556   356   462  1091  1119   418  1847   958   148   717   551
    13   852   849   458   695   334   469   551   609   527   352   462  1019   982   418   734   897   148   710   551
0.20381194409148665
0.19632368184645152
=====================================
================================== 6 ================================
=====================================
     1     2     3     4     5     6     7     8     9    10    11    12    13    14    15    16    17    18    19    20
   554   736   316   179   435   107   191   365   475   368   151   240   561   659   200   785   439   160   519   430
    24   587   315   179   353   107   182   364   465   352   150   240   491   455   200   285   419   160   517   430
  1092   993   860   463   827   334   489   579   611   556   356   462  1091  1119   418  1847   958   148   717   551
    16   834   842   457   645   334   467   555   606   506   350   462   990   939   418   769   894   148   715   551
0.20266836086404066
0.20544537350563197
=====================================
================================== 7 ================================
=====================================
     1     2     3     4     5     6     7     8     9    10    11    12    13    14    15    16    17    18    19    20
   554   736   316   179   435   107   191   365   475   368   151   240   561   659   200   785   439   160   519   430
    22   620   313   178   350   107   172   365   466   353   150   240   483   469   200   224   414   160   518   429
  1092   993   860   463   827   334   489   579   611   556   356   462  1091  1119   418  1847   958   148   717   551
     7   827   833   458   650   334   452   558   606   498   351   462   994   939   418   716   867   148   713   551
0.20800508259212197
0.2134614055697602
=====================================
================================== 8 ================================
=====================================
     1     2     3     4     5     6     7     8     9    10    11    12    13    14    15    16    17    18    19    20
   554   736   316   179   435   107   191   365   475   368   151   240   561   659   200   785   439   160   519   430
    23   579   315   176   334   107   169   363   467   351   150   240   479   437   200   264   414   160   517   430
  1092   993   860   463   827   334   489   579   611   556   356   462  1091  1119   418  1847   958   148   717   551
    11   795   812   452   618   334   420   549   603   465   353   462   971   903   418   719   881   148   712   551
0.2153748411689962
0.22762766913136617
=====================================
================================== 9 ================================
=====================================
     1     2     3     4     5     6     7     8     9    10    11    12    13    14    15    16    17    18    19    20
   554   736   316   179   435   107   191   365   475   368   151   240   561   659   200   785   439   160   519   430
    20   629   312   179   326   107   162   362   458   342   150   240   494   438   200   188   414   160   518   430
  1092   993   860   463   827   334   489   579   611   556   356   462  1091  1119   418  1847   958   148   717   551
    29   832   805   455   602   334   408   542   606   457   351   462   980   932   418   595   862   148   713   550
0.22121982210927574
0.23426162670167922
=====================================

(planes_recogniser) D:\sandbox\bachelor_diploma\bachelor_diploma\planes_recogniser>python main.py
================================== 0 ================================
=====================================
     1     2     3     4     5     6     7     8     9    10    11    12    13    14    15    16    17    18    19    20
   554   736   316   179   435   107   191   365   475   368   151   240   561   659   200   785   439   160   519   430
    18   627   312   179   330   107   165   364   461   347   150   240   487   439   200   231   419   160   518   429
  1092   993   860   463   827   334   489   579   611   556   356   462  1091  1119   418  1847   958   148   717   551
    20   826   787   452   603   334   416   545   604   446   351   462   979   939   418   646   868   148   712   551
0.21435832274459973
0.23246492985971945
=====================================
================================== 1 ================================
=====================================
     1     2     3     4     5     6     7     8     9    10    11    12    13    14    15    16    17    18    19    20
   554   736   316   179   435   107   191   365   475   368   151   240   561   659   200   785   439   160   519   430
    20   616   312   179   321   107   166   363   460   347   150   240   490   430   200   237   423   160   518   430
  1092   993   860   463   827   334   489   579   611   556   356   462  1091  1119   418  1847   958   148   717   551
    25   826   781   457   590   334   413   550   605   461   351   462   983   932   418   647   878   148   714   551
0.2161372299872935
0.231151959090595
=====================================
================================== 2 ================================
=====================================
     1     2     3     4     5     6     7     8     9    10    11    12    13    14    15    16    17    18    19    20
   554   736   316   179   435   107   191   365   475   368   151   240   561   659   200   785   439   160   519   430
    17   618   312   179   330   107   165   364   459   348   150   240   488   436   200   236   418   160   518   429
  1092   993   860   463   827   334   489   579   611   556   356   462  1091  1119   418  1847   958   148   717   551
    16   815   796   452   603   334   417   545   603   450   351   462   983   939   418   660   873   148   714   551
0.21550190597204574
0.23087554419183193
=====================================
================================== 3 ================================
=====================================
     1     2     3     4     5     6     7     8     9    10    11    12    13    14    15    16    17    18    19    20
   554   736   316   179   435   107   191   365   475   368   151   240   561   659   200   785   439   160   519   430
    19   619   311   179   332   107   164   364   462   349   150   240   489   431   200   230   417   160   518   429
  1092   993   860   463   827   334   489   579   611   556   356   462  1091  1119   418  1847   958   148   717   551
    21   821   791   454   607   334   418   544   603   457   351   462   984   938   418   641   864   148   714   551
0.21601016518424396
0.2314974777140488
=====================================
================================== 4 ================================
=====================================
     1     2     3     4     5     6     7     8     9    10    11    12    13    14    15    16    17    18    19    20
   554   736   316   179   435   107   191   365   475   368   151   240   561   659   200   785   439   160   519   430
    17   623   312   179   332   107   163   364   459   343   150   240   489   431   200   240   420   160   518   429
  1092   993   860   463   827   334   489   579   611   556   356   462  1091  1119   418  1847   958   148   717   551
    19   827   795   452   602   334   418   548   603   450   351   462   981   935   418   655   874   148   715   551
0.21524777636594664
0.23032271439430585
=====================================